teller_3

0 None
1 None
2 None
3 ['P3', 1, 7, 3]
4 ['P3', 1, 6, 4]
5 ['P3', 1, 5, 5]
6 ['P3', 1, 4, 6]
7 ['P3', 1, 3, 7]
8 ['P3', 1, 2, 8]
9 ['P3', 1, 1, 9]
['P3', 1, 0, 10] Ended
10 None
11 ['P8', 6, 3, 11]
12 ['P8', 6, 2, 12]
13 ['P8', 6, 1, 13]
['P8', 6, 0, 14] Ended
14 None
15 ['P11', 8, 9, 15]
16 ['P11', 8, 8, 16]
17 ['P11', 8, 7, 17]
18 ['P11', 8, 6, 18]
19 ['P11', 8, 5, 19]
20 ['P11', 8, 4, 20]
21 ['P11', 8, 3, 21]
22 ['P11', 8, 2, 22]
23 ['P11', 8, 1, 23]
['P11', 8, 0, 24] Ended
24 None
